 6 148  72 35 33.6 0.627 50 1
 1  85  66 29 26.6 0.351 31 0
 1  89  66 23 28.1 0.167 21 0
 3  78  50 32 31.0 0.248 26 1
 2 197  70 45 30.5 0.158 53 1
 5 166  72 19 25.8 0.587 51 1
 0 118  84 47 45.8 0.551 31 1
 1 103  30 38 43.3 0.183 33 0
 3 126  88 41 39.3 0.704 27 0
 9 119  80 35 29.0 0.263 29 1
 1  97  66 15 23.2 0.487 22 0
 5 109  75 26 36.0 0.546 60 0
 3  88  58 11 24.8 0.267 22 0
10 122  78 31 27.6 0.512 45 0
 4 103  60 33 24.0 0.966 33 0
 9 102  76 37 32.9 0.665 46 1
 2  90  68 42 38.2 0.503 27 1
 4 111  72 47 37.1 1.390 56 1
 3 180  64 25 34.0 0.271 26 0
 7 106  92 18 22.7 0.235 48 0
 9 171 110 24 45.4 0.721 54 1
 0 180  66 39 42.0 1.893 25 1
 2  71  70 27 28.0 0.586 22 0
 1 103  80 11 19.4 0.491 22 0
 1 101  50 15 24.2 0.526 26 0
 5  88  66 21 24.4 0.342 30 0
 7 150  66 42 34.7 0.718 42 0
 1  73  50 10 23.0 0.248 21 0
 0 105  64 41 41.5 0.173 22 0
 5  99  74 27 29.0 0.203 32 0
 0 109  88 30 32.5 0.855 38 1
 1  95  66 13 19.6 0.334 25 0
 4 146  85 27 28.9 0.189 27 0
 2 100  66 20 32.9 0.867 28 1
 4 129  86 20 35.1 0.231 23 0
 5  95  72 33 37.7 0.370 27 0
 2 112  66 22 25.0 0.307 24 0
 3 113  44 13 22.4 0.140 22 0
 7  83  78 26 29.3 0.767 36 0
 0 101  65 28 24.6 0.237 22 0
13 106  72 54 36.6 0.178 45 0
 2 100  68 25 38.5 0.324 26 0
15 136  70 32 37.1 0.153 43 1
 4 123  80 15 32.0 0.443 34 0
 7  81  78 40 46.7 0.261 42 0
 2  92  62 28 31.6 0.130 24 0
 6  93  50 30 28.7 0.356 23 0
 1 122  90 51 49.7 0.325 31 1
 1  81  72 18 26.6 0.283 24 0
 1 126  56 29 28.7 0.801 21 0
 4 144  58 28 29.5 0.287 37 0
 1  89  76 34 31.2 0.192 23 0
 7 160  54 32 30.5 0.588 39 1
 4  97  60 23 28.2 0.443 22 0
 0 162  76 56 53.2 0.759 25 1
 2 107  74 30 33.6 0.404 23 0
 1  88  30 42 55.0 0.496 26 1
 1 117  88 24 34.5 0.403 40 1
 4 173  70 14 29.7 0.361 33 1
 3 170  64 37 34.5 0.356 30 1
 8  84  74 31 38.3 0.457 39 0
 0 100  70 26 30.8 0.597 21 0
 0  93  60 25 28.7 0.532 22 0
 5 106  82 30 39.5 0.286 38 0
 2 108  52 26 32.5 0.318 22 0
 2 106  64 35 30.5 1.400 34 0
 2  90  70 17 27.3 0.085 22 0
 9 156  86 28 34.3 1.189 42 1
 1 153  82 42 40.6 0.687 23 0
 7 152  88 44 50.0 0.337 36 1
 2  88  74 19 29.0 0.229 22 0
17 163  72 41 40.9 0.817 47 1
 4 151  90 38 29.7 0.294 36 0
 7 102  74 40 37.2 0.204 45 0
 0 114  80 34 44.2 0.167 27 0
 6 104  74 18 29.9 0.722 41 1
 2  75  64 24 29.7 0.370 33 0
 8 179  72 42 32.7 0.719 36 1
 0 129 110 46 67.1 0.319 26 1
 1 128  98 41 32.0 1.321 33 1
 8 109  76 39 27.9 0.640 31 1
 4 109  64 44 34.8 0.905 26 1
 0 113  80 16 31.0 0.874 21 0
 0 108  68 20 27.3 0.787 32 0
 5 111  72 28 23.9 0.407 27 0
 8 196  76 29 37.5 0.605 57 1
 2  81  60 22 27.7 0.290 25 0
 0 147  85 54 42.8 0.375 24 0
 5 109  62 41 35.8 0.514 25 1
 6 125  68 30 30.0 0.464 32 0
 5  85  74 22 29.0 1.224 32 1
 7 142  60 33 28.8 0.687 61 0
 1 100  66 15 23.6 0.666 26 0
 1  87  78 27 34.6 0.101 22 0
 3 162  52 38 37.2 0.652 24 1
 4 197  70 39 36.7 2.329 31 0
 0 117  80 31 45.2 0.089 24 0
 6 134  80 37 46.2 0.238 46 1
 3  74  68 28 29.7 0.293 23 0
 7 181  84 21 35.9 0.586 51 1
 0 179  90 27 44.1 0.686 23 1
 1  91  64 24 29.2 0.192 21 0
 4  91  70 32 33.1 0.446 22 0
 6 119  50 22 27.1 1.318 33 1
 2 146  76 35 38.2 0.329 29 0
 9 184  85 15 30.0 1.213 49 1
 0 165  90 33 52.3 0.427 23 0
 9 124  70 33 35.4 0.282 34 0
 1 111  86 19 30.1 0.143 23 0
 2  90  80 14 24.4 0.249 24 0
 1 113  64 35 33.6 0.543 21 1
 3 111  56 39 30.1 0.557 30 0
11 155  76 28 33.3 1.353 51 1
 4  95  70 32 32.1 0.612 24 0
 5  96  74 18 33.6 0.997 43 0
 2 128  64 42 40.0 1.101 24 0
10 101  86 37 45.6 1.136 38 1
 2 108  62 32 25.2 0.128 21 0
 2 100  70 52 40.5 0.677 25 0
 7 106  60 24 26.5 0.296 29 1
 0 104  64 23 27.8 0.454 23 0
 2 108  62 10 25.3 0.881 22 0
 7 133  88 15 32.4 0.262 37 0
 7 136  74 26 26.0 0.647 51 0
 1 119  86 39 45.6 0.808 29 1
 4  96  56 17 20.8 0.340 26 0
 0  78  88 29 36.9 0.434 21 0
 0 107  62 30 36.6 0.757 25 1
 6 151  62 31 35.5 0.692 28 0
 2 146  70 38 28.0 0.337 29 1
 0 126  84 29 30.7 0.520 24 0
 2 144  58 33 31.6 0.422 25 1
 2 120  76 37 39.7 0.215 29 0
10 161  68 23 25.5 0.326 47 1
 0 128  68 19 30.5 1.391 25 1
 2 124  68 28 32.9 0.875 30 1
 2 155  74 17 26.6 0.433 27 1
 3 113  50 10 29.5 0.626 25 0
 7 109  80 31 35.9 1.127 43 1
 3 115  66 39 38.1 0.150 28 0
13 152  90 33 26.8 0.731 43 1
 2 112  75 32 35.7 0.148 21 0
 1 157  72 21 25.6 0.123 24 0
 1 122  64 32 35.1 0.692 30 1
 2 102  86 36 45.5 0.127 23 1
 6 105  70 32 30.8 0.122 37 0
 8 118  72 19 23.1 1.476 46 0
 2  87  58 16 32.7 0.166 25 0
 1  95  60 18 23.9 0.260 22 0
 1 130  70 13 25.9 0.472 22 0
 1  95  74 21 25.9 0.673 36 0
 8 126  88 36 38.5 0.349 49 0
 1 139  46 19 28.7 0.654 22 0
 3  99  62 19 21.8 0.279 26 0
 1 125  50 40 33.3 0.962 28 1
 1 196  76 36 36.5 0.875 29 1
 5 189  64 33 31.2 0.583 29 1
 5 103 108 37 39.2 0.305 65 0
 4 147  74 25 34.9 0.385 30 0
 5  99  54 28 34.0 0.499 30 0
 3  81  86 16 27.5 0.306 22 0
 3 173  82 48 38.4 2.137 25 1
 0  84  64 22 35.8 0.545 21 0
 0  98  82 15 25.2 0.299 22 0
 1  87  60 37 37.2 0.509 22 0
 0  93 100 39 43.4 1.021 35 0
 0 105  68 22 20.0 0.236 22 0
 1  90  62 18 25.1 1.268 25 0
 1 125  70 24 24.3 0.221 25 0
 1 119  54 13 22.3 0.205 24 0
 5 116  74 29 32.3 0.660 35 1
 8 105 100 36 43.3 0.239 45 1
 3 100  68 23 31.6 0.949 28 0
 1 131  64 14 23.7 0.389 21 0
 2 127  58 24 27.7 1.600 25 0
 3  96  56 34 24.7 0.944 39 0
 3 193  70 31 34.9 0.241 25 1
 5 136  84 41 35.0 0.286 35 1
 9  72  78 25 31.6 0.280 38 0
 1 172  68 49 42.4 0.702 28 1
 6 102  90 39 35.7 0.674 28 0
 1 112  72 30 34.4 0.528 25 0
 1 143  84 23 42.4 1.076 22 0
 3 173  84 33 35.7 0.258 22 1
 4 144  82 32 38.5 0.554 37 1
 3 129  64 29 26.4 0.219 28 1
 1 119  88 41 45.3 0.507 26 0
 2  94  68 18 26.0 0.561 21 0
 0 102  64 46 40.6 0.496 21 0
 8 151  78 32 42.9 0.516 36 1
 1 181  64 30 34.1 0.328 38 1
 1  95  82 25 35.0 0.233 43 1
 3  89  74 16 30.4 0.551 38 0
 1  80  74 11 30.0 0.527 22 0
 1  90  68  8 24.5 1.138 36 0
 0 189 104 25 34.3 0.435 41 1
 4 117  64 27 33.2 0.230 24 0
 0 180  78 63 59.4 2.420 25 1
 0 104  64 37 33.6 0.510 22 1
 0 120  74 18 30.5 0.285 26 0
 1  82  64 13 21.2 0.415 23 0
 0  91  68 32 39.9 0.381 25 0
 9 134  74 33 25.9 0.460 81 0
 9 120  72 22 20.8 0.733 48 0
 8  74  70 40 35.3 0.705 39 0
 5  88  78 30 27.6 0.258 37 0
 0 124  56 13 21.8 0.452 21 0
 0  97  64 36 36.8 0.600 25 0
 1 144  82 40 41.3 0.607 28 0
 0 137  70 38 33.2 0.170 22 0
 4 132  86 31 28.0 0.419 63 0
 3 158  70 30 35.5 0.344 35 1
 0 123  88 37 35.2 0.197 29 0
 0  84  82 31 38.2 0.233 23 0
 0 135  68 42 42.3 0.365 24 1
 1 139  62 41 40.7 0.536 21 0
 0 173  78 32 46.5 1.159 58 0
 2  83  65 28 36.8 0.629 24 0
 2  89  90 30 33.5 0.292 42 0
 4  99  68 38 32.8 0.145 33 0
 4 125  70 18 28.9 1.144 45 1
 2  81  72 15 30.1 0.547 25 0
 6 154  74 32 29.3 0.839 39 0
 2 117  90 19 25.2 0.313 21 0
 3  84  72 32 37.2 0.267 28 0
 7  94  64 25 33.3 0.738 41 0
 3  96  78 39 37.3 0.238 40 0
12  84  72 31 29.7 0.297 46 1
 3  99  54 19 25.6 0.154 24 0
 3 163  70 18 31.6 0.268 28 1
 9 145  88 34 30.3 0.771 53 1
 6 129  90  7 19.6 0.582 60 0
 2  68  70 32 25.0 0.187 25 0
 3  87  60 18 21.8 0.444 21 0
 2 122  60 18 29.8 0.717 22 0
 1  77  56 30 33.3 1.251 24 0
 0 127  80 37 36.3 0.804 23 0
 3 128  72 25 32.4 0.549 27 1
10  90  85 32 34.9 0.825 56 1
 4  84  90 23 39.5 0.159 25 0
 1  88  78 29 32.0 0.365 29 0
 8 186  90 35 34.5 0.423 37 1
 5 187  76 27 43.6 1.034 53 1
 4 131  68 21 33.1 0.160 28 0
 1 116  70 28 27.4 0.204 21 0
 3  84  68 30 31.9 0.591 25 0
 1  88  62 24 29.9 0.422 23 0
 1  84  64 23 36.9 0.471 28 0
11 103  68 40 46.2 0.126 42 0
 6  99  60 19 26.9 0.497 32 0
 1  99  72 30 38.6 0.412 21 0
 3 111  58 31 29.5 0.430 22 0
 2  98  60 17 34.7 0.198 22 0
 1 143  86 30 30.1 0.892 23 0
 1 119  44 47 35.5 0.280 25 0
 6 108  44 20 24.0 0.813 35 0
 3 176  86 27 33.3 1.154 52 1
11 111  84 40 46.8 0.925 45 1
 2 112  78 50 39.4 0.175 24 0
 2  82  52 22 28.5 1.699 25 0
 6 123  72 45 33.6 0.733 34 0
 1  89  24 19 27.8 0.559 21 0
 1 108  88 19 27.1 0.400 24 0
 1 124  60 32 35.8 0.514 21 0
 1 181  78 42 40.0 1.258 22 1
 1  92  62 25 19.5 0.482 25 0
 0 152  82 39 41.5 0.270 27 0
 3 174  58 22 32.9 0.593 36 1
 6 105  80 28 32.5 0.878 26 0
11 138  74 26 36.1 0.557 50 1
 2  68  62 13 20.1 0.257 23 0
 9 112  82 24 28.2 1.282 50 1
 0  94  70 27 43.5 0.347 21 0
 4  90  88 47 37.7 0.362 29 0
 4  94  65 22 24.7 0.148 21 0
 0 102  78 40 34.5 0.238 24 0
 1 128  82 17 27.5 0.115 22 0
 7  97  76 32 40.9 0.871 32 1
 1 100  74 12 19.5 0.149 28 0
 3 103  72 30 27.6 0.730 27 0
 0 179  50 36 37.8 0.455 22 1
11 136  84 35 28.3 0.260 42 1
 1 117  60 23 33.8 0.466 27 0
 2 155  52 27 38.7 0.240 25 1
 2 101  58 35 21.8 0.155 22 0
 1 112  80 45 34.8 0.217 24 0
 4 145  82 18 32.5 0.235 70 1
10 111  70 27 27.5 0.141 40 1
 6  98  58 33 34.0 0.430 43 0
 6 165  68 26 33.6 0.631 49 0
10  68 106 23 35.5 0.285 47 0
 3 123 100 35 57.3 0.880 22 0
 0 162  76 36 49.6 0.364 26 1
 0  95  64 39 44.6 0.366 22 0
 2 129  74 26 33.2 0.591 25 0
 1 107  50 19 28.3 0.181 29 0
 7 142  90 24 30.4 0.128 43 1
 3 169  74 19 29.9 0.268 31 1
 6  80  80 36 39.8 0.177 28 0
 2 127  46 21 34.4 0.176 22 0
 2  93  64 32 38.0 0.674 23 1
 5 126  78 27 29.6 0.439 40 0
10 129  62 36 41.2 0.441 38 1
 0 134  58 20 26.4 0.352 21 0
 7 187  50 33 33.9 0.826 34 1
 3 173  78 39 33.8 0.970 31 1
10  94  72 18 23.1 0.595 56 0
 1 108  60 46 35.5 0.415 24 0
 5 117  86 30 39.1 0.251 42 0
 1 116  78 29 36.1 0.496 25 0
 0 141  84 26 32.4 0.433 22 0
 2 174  88 37 44.5 0.646 24 1
 2 106  56 27 29.0 0.426 22 0
 0 126  86 27 27.4 0.515 21 0
 8  65  72 23 32.0 0.600 42 0
 2  99  60 17 36.6 0.453 21 0
11 120  80 37 42.3 0.785 48 1
 3 102  44 20 30.8 0.400 26 0
 1 109  58 18 28.5 0.219 22 0
13 153  88 37 40.6 1.174 39 0
12 100  84 33 30.0 0.488 46 0
 1 147  94 41 49.3 0.358 27 1
 3 187  70 22 36.4 0.408 36 1
 1 121  78 39 39.0 0.261 28 0
 3 108  62 24 26.0 0.223 25 0
 0 181  88 44 43.3 0.222 26 1
 1 128  88 39 36.5 1.057 37 1
 2  88  58 26 28.4 0.766 22 0
 9 170  74 31 44.0 0.403 43 1
10 101  76 48 32.9 0.171 63 0
 5 121  72 23 26.2 0.245 30 0
 1  93  70 31 30.4 0.315 23 0
